Welcome to the Bank Simulation!
We need some information to initialize your simulation...
How many tellers will you have? How many hours will your bank be open? How many customers do you expect per hour? What is the average transaction time (in minutes) of a customer? How many people can wait in your bank? Enter a seed: 
Individual Customer Service Information:
Customer        Arrival        Service          Queue         Teller      Time Serv      Time Cust      Time Serv     Time Spent
ID              Time           Time            Loc            Loc         Begins          Waits           Ends         in Sys
----            ----           ----           ----           ----           ----           ----           ----           ----
0               0.65            7.7             -1              0           0.65              0           8.36            7.7
1               1.49          10.95             -1              1           1.49              0          12.44          10.95
2               4.61           8.79             -1              2           4.61              0          13.39           8.79
3               7.11          14.06              0              0           8.36           1.25          13.98           6.87
6              12.75          12.42              0              0          13.98           1.23          14.61           1.87
4              10.82           8.34              0              1          12.44           1.62          18.75           7.94
5              12.12           0.63              0              2          13.39           1.27          18.84           6.72
8              16.15           6.64              0              1          18.75            2.6          18.97           2.82
9              18.83          10.36              0              2          18.84              0          19.35           0.52
7              14.01           3.26              0              0          14.61           0.61          19.96           5.95
10              19.5           4.75              0              0          19.96           0.45          20.19           0.69


Customers who did not stay:
Customer        Arrival        Service
Id              Time           Time
----            ----           ----
21             39.14           4.49
22             40.56           0.71
23             44.27           7.55
24              48.3          32.38
25             48.99           5.01
26              49.2          13.26
27             49.29           2.71
28             50.23           5.67
29              52.4           11.4
30             52.97           2.84
31             54.99           0.97
32             55.75          15.09
33             56.18           14.4
34              60.1          15.91
35             62.48          16.54
36             66.07           3.83
37             66.69          16.99
38             70.55          12.62
39             72.47          11.75
40             73.02           3.07
41             73.53           1.31
42             75.68           0.74
43             77.74           9.15
44             79.31           3.79
45             83.84           2.52
46             84.01           8.85
47             94.43           2.87
48             95.38           2.37
49             98.18            7.2
50             98.84          24.41
51             99.88          10.04
52            100.66           1.76
53            107.22           6.72
54            107.63           3.76
55            109.53           9.49
56             110.7           6.78
57            111.11          10.75
58            112.27           2.11
59            112.68          11.95
60             113.9           2.26
61             118.5          13.98
62            124.15          22.51
63            126.39          17.04
64            131.13           1.77
65            133.17           0.35
66            134.07           6.63
67             134.1           0.51
68            134.67           7.64
69            135.71           6.82
70            136.29           2.07
71            138.44           7.92
72            140.79           4.84
73            141.11          16.62
74            143.76          11.53
75            147.55          10.21
76            148.11           1.77
77             148.2           1.97
78             150.9           9.41
79            150.93           1.05
80             151.6           2.71
81            151.62           8.35
82            152.62           4.15
83            153.07           14.7
84            154.97           4.75
85            157.23           2.45
86            162.57           1.29
87            162.67          11.36
88            165.76          19.51
89            168.31           5.65
90            169.09           1.39
91             171.4           4.12
92             171.9           2.39
93            172.62          15.34
94             173.8           0.52
95            175.44           7.66
96            176.29           3.19
97            176.36           0.82
98            177.58           4.03
99            177.78              9
100           181.26           5.52
101           183.61           1.17
102           186.55          14.71
103           188.89           1.32
104           190.48           2.09
105           192.33          19.49
106           195.11           6.36
107           196.23           6.56
108           210.32              9
109           211.41          26.31
110           211.48           8.12
111           213.02           6.87
112           213.43          12.74
113           216.16           9.72
114            216.3          10.71
115           217.44            3.9
116           217.82           2.08
117           220.56           4.09
118            221.4           1.55
119           227.83           4.59
120            235.8          16.91
121           239.09           5.15
122           239.92            1.4
123           240.08            8.5
124           240.98          29.66
125           244.43           6.79
126           244.83           0.65
127           245.13          18.51
128           247.55           0.53
129           249.55           6.39
130           251.13          10.72
131            252.7           2.11
132           252.85           1.54
133           256.05           3.12
134           256.79           1.83
135           257.66           2.14
136           258.12           1.12
137           260.15           1.87
138           266.45           5.96
139           266.87           5.44
140           270.86          10.97
141           271.44           1.89
142           274.19           5.74
143           275.58          31.72
144           280.33           3.91
145            289.3            4.1
146           289.72           3.88
147           299.81          19.29
148           299.94           0.95
149           301.31           3.03
150           301.94          19.83
151           305.64           3.35
152           305.93           4.12
153           306.95            0.3
154           308.51           4.33
155           315.33           7.27
156           315.76            1.6
157           316.24           3.81
158           323.02           8.88
159           324.29           2.35
160           331.03           7.81
161           331.04           3.39
162           331.35           8.75
163           331.48           2.81
164           332.94          29.35
165           340.19           11.7
166           340.99          11.19
167           341.03            8.8
168           345.52           3.69
169            349.8           13.5
170           350.71           6.55
171           350.83           3.09
172           351.52           3.74
173           351.73          11.39
174           352.75          11.76
175           352.98           5.82
176           352.98          10.36
177           354.94            1.8
178           355.07           8.31
179           360.03          22.58
180           360.36           5.92
181           361.29           8.33
182           362.45          16.12
183              370             19
184            378.8          13.51
185           380.52           0.96
186           380.64           0.54
187           380.91          10.27
188           381.38            3.5
189           381.64            1.6
190           383.75           1.31
191           388.93          30.45
192              391          25.99
193           391.28           8.84
194            392.6           2.75
195           394.19           3.04
196           394.79          11.36
197           395.08          13.93
198           396.32           1.13
199           401.11          33.17
200           401.67           2.15
201           403.76          10.61
202           404.64           8.19
203           405.04           1.67
204           407.61          17.41
205           413.98           3.27
206           417.36           8.68
207           422.17           0.56
208           422.98          17.93
209           424.35           2.06
210           433.35            0.3
211           434.65          13.34
212           437.01           0.78
213           437.07           1.55
214           437.13          18.77
215            438.6           2.07
216           439.89           1.74
217           442.01          55.39
218           444.16           6.12
219           446.01          12.69
220           448.39           0.07
221           448.78           2.19
222            451.1          12.72
223           451.71          44.66
224           452.62           0.97
225           453.92          12.52
226           454.12           0.98
227           454.52           5.14
228           456.35           2.43
229           462.53           4.23
230           462.71           6.13
231           463.01           2.92
232           467.79           4.53
233           467.83          11.59
234           468.42            2.1
235           468.44           4.59
236           468.86           3.13
237           469.79           4.71
238           472.33           6.86
239           477.07           0.51
240           479.39          10.21
Number of Tellers: 3
Number of Queues: 1
Max number allowed to wait: 10
Customer arrival rate (per hr): 30.0
Customer service time (ave min): 8.0
Number of customers arrived: 231
Number of customers served: 11
Num. Turned Away: 220
Num. who waited: 8
Average Wait: 0.8218442192161158 min.
Max Wait: 2.6038739931003114 min.
Std. Dev. Wait: 0.8112484258675794
Ave. Service: 7.990849834349603 min.
Ave. Waiter Wait: 1.1300358014221592 min.
Ave. in System: 5.528461001401135 min.


Individual Customer Service Information:
Customer        Arrival        Service          Queue         Teller      Time Serv      Time Cust      Time Serv     Time Spent
ID              Time           Time            Loc            Loc         Begins          Waits           Ends         in Sys
----            ----           ----           ----           ----           ----           ----           ----           ----
0               0.65           3.33             -1              0           0.65              0           3.99           3.33
2               3.39             10             -1              2           3.39              0          13.39             10
1               2.58          12.48             -1              1           2.58              0          15.06          12.48
5               6.91           0.63              2              2          13.39           6.49          18.15          11.24
8                8.9           0.64              2              2          18.15           9.25          27.21          18.31
4               6.18           8.34              1              1          15.06           8.88          28.28           22.1
7               7.53           5.04              1              1          28.28          20.74          29.98          22.45
11             11.05           0.22              2              2          27.21          16.16          30.05          19.01
13              13.4          16.89              2              2          30.05          16.65          39.58          26.18
10             10.59           6.64              1              1          29.98          19.39          45.89           35.3
15             13.64          23.92              2              2          39.58          25.95          48.73           35.1
14             13.46          13.13              1              1          45.89          32.43          49.02          35.56
19             17.01             10              2              2          48.73          31.72          52.49          35.48
20                19           5.11              2              2          52.49          33.48          54.75          35.74
17             14.63           8.92              1              1          49.02          34.39          56.64          42.01
18             15.56          11.39              1              1          56.64          41.08          58.41          42.85
23             21.12           4.49              2              2          54.75          33.63          63.71          42.59
22              20.6           4.41              1              1          58.41          37.81          66.58          45.98
26             25.03          32.38              2              2          63.71          38.67          68.55          43.52
29             26.02           2.71              2              2          68.55          42.53          71.26          45.24
32             27.54           8.07              2              2          71.26          43.73          78.88          51.35
33             27.78           3.05              2              2          78.88          51.11          80.27          52.49
25             22.54           7.55              1              1          66.58          44.04          81.74           59.2
36             32.67           3.83              2              2          80.27           47.6          83.15          50.48
28             25.92          13.26              1              1          81.74          55.82          89.41          63.48
39             37.06          11.75              2              2          83.15          46.09          97.07          60.01
43             39.72           6.28              2              2          97.07          57.35         108.01          68.29
31             26.96           11.4              1              1          89.41          62.45          108.9          81.94
34             28.75           14.4              1              1          108.9          80.16         112.21          83.47
54             50.26           6.78              2              2         108.01          57.75         113.17          62.91
58             52.85           18.4              2              2         113.17          60.31         119.48          66.63
60             56.35          17.04              2              2         119.48          63.13         125.44           69.1
35             31.55          16.54              1              1         112.21          80.66         130.72          99.17
38             35.13          12.62              1              1         130.72          95.59         134.82          99.69
51             46.29           1.76              1              1         134.82          88.53         137.34          91.05
53             49.09           9.49              1              1         137.34          88.24         140.69           91.6
68             63.78           1.29              2              2         125.44          61.66         144.47          80.68
75             68.64           0.08              2              2         144.47          75.82         156.17          87.52
78             71.28           4.75              2              2         156.17          84.89         160.27          88.99
61             59.09           0.35              1              1         140.69           81.6          167.8         108.71
62             59.99           6.63              1              1          167.8         107.81         168.82         108.83
70              66.9          10.21              1              1         168.82         101.92         170.13         103.24
88             81.87           3.41              1              1         170.13          88.26         171.25          89.38
84             79.66           9.24              2              2         160.27          80.61         176.39          96.73
97             89.45          11.14              1              1         171.25           81.8         180.09          90.63
86             80.69          15.34              2              2         176.39           95.7         181.64         100.95
92             83.59           5.52              2              2         181.64          98.04         183.23          99.64
112           110.71            1.4              1              1         180.09          69.37         190.69          79.98
117           112.39           9.71              1              1         190.69          78.31         195.85          83.47
133           132.21           1.67              1              1         195.85          63.65         195.92          63.71
137           135.45          19.83              1              1         195.92          60.47         197.47          62.02
104            98.35           9.72              2              2         183.23          84.88         200.65         102.29
113           110.79            8.5              2              2         200.65          89.85         201.45          90.66
119           114.12          10.72              2              2         201.45          87.33         202.43          88.31
127            119.7           1.68              2              2         202.43          82.72         204.02          84.31
132           125.49           3.91              2              2         204.02          78.53         206.45          80.96
151           148.28           3.21              2              2         206.45          58.17         207.64          59.36
138              138           1.19              1              1         197.47          59.47         210.19          72.19
159           156.62          11.76              2              2         207.64          51.02         212.17          55.55
144           140.96           8.88              1              1         210.19          69.23         212.57          71.61
167           161.23           30.2              2              2         212.17          50.93         216.87          55.64
173           167.88            1.6              1              1         212.57           44.7         231.55          63.68
174           168.92          20.73              1              1         231.55          62.63         232.55          63.63
176           176.49           2.75              1              1         232.55          56.06         238.48          61.99
177           176.53           3.04              1              1         238.48          61.95         244.08          67.54
183           181.32           3.53              1              1         244.08          62.76         249.93          68.61
196           191.15           1.74              1              1         249.93          58.78         254.36          63.21
200           196.83           2.19              1              1         254.36          57.53         255.03          58.19
178           177.14          11.36              2              2         216.87          39.74         263.04           85.9
201            197.8           2.43              1              1         255.03          57.23         266.69          68.89
184           182.87           1.67              2              2         263.04          80.17         267.63          84.77
202           199.16           3.64              1              1         266.69          67.53         268.86           69.7
209           211.73            2.1              1              1         268.86          57.13         271.42          59.69
213            212.8           0.51              1              1         271.42          58.63         277.61          64.81
230           231.82          19.31              1              1         277.61          45.79         278.74          46.92
185           183.37          25.48              2              2         267.63          84.26         279.32          95.95
204           202.53           5.14              2              2         279.32          76.79         280.86          78.32
232           232.92           7.58              1              1         278.74          45.82         285.59          52.67
205           204.36           24.7              2              2         280.86          76.49         290.95          86.59
241            238.5           1.88              1              1         285.59           47.1         293.82          55.32
247           244.17           8.39              1              1         293.82          49.65         306.19          62.02
206           205.42           0.75              2              2         290.95          85.53          308.8         103.38
207           206.95           2.92              2              2          308.8         101.85         309.02         102.07
208           208.97           0.15              2              2         309.02         100.05         309.43         100.47
210           211.75           4.59              2              2         309.43          97.68         309.56          97.81
252           252.22           2.98              1              1         306.19          53.97         316.23          64.01
255           255.12          41.57              1              1         316.23          61.11         327.21          72.08
256           255.58           6.78              1              1         327.21          71.63         327.26          71.68
212           212.17          10.13              2              2         309.56          97.39         328.77          116.6
218            219.5           4.66              2              2         328.77         109.26         332.23         112.72
265           263.33           4.11              2              2         332.23           68.9         335.19          71.86
270           267.43           1.93              1              1         327.26          59.83         346.66          79.23
271           269.08           18.3              1              1         346.66          77.58         356.36          87.28
273           271.48           14.1              1              1         356.36          84.88         363.24          91.76
281           277.62          18.55              1              1         363.24          85.62         369.86          92.23
284           279.21          26.62              1              1         369.86          90.65          373.2          93.99
272           271.25           5.66              2              2         335.19          63.94         388.44          117.2
285            279.6           1.57              2              2         388.44         108.84         399.84         120.24
299           286.28           7.43              1              1          373.2          86.92         407.53         121.25
291           281.26           6.41              2              2         399.84         118.58         409.22         127.97
311           296.09           5.33              1              1         407.53         111.43         409.78         113.68
316           306.25           2.79              1              1         409.78         103.53         419.02         112.77
305           291.08           4.24              2              2         409.22         118.14         419.15         128.06
317           309.79           8.35              2              2         419.15         109.35         419.87         110.08
325           316.66           1.69              1              1         419.02         102.36         427.97         111.32
335           327.53           3.64              1              1         427.97         100.44         431.48         103.95
336           328.59          13.98              1              1         431.48         102.89         431.71         103.12
355           346.86           1.84              1              1         431.71          84.85         439.58          92.72
364           357.42           0.17              1              1         439.58          82.16         446.97          89.56
371           363.64           16.9              1              1         446.97          83.34          454.3          90.66
318           309.84              2              2              2         419.87         110.03         474.89         165.05
377           370.05           0.22              1              1          454.3          84.24         478.22         108.17
319           310.35          16.05              2              2         474.89         164.54         478.32         167.97
320           310.96            7.4              2              2         478.32         167.36         478.38         167.43
337           330.46           1.34              2              2         478.38         147.92         478.93         148.47
339           332.62           6.38              2              2         478.93         146.31         481.43         148.82
380           374.15            1.9              1              1         478.22         104.08            482         107.85
342           335.47           0.85              2              2         481.43         145.96         485.03         149.56
392           388.87           0.86              2              2         485.03          96.16         489.49         100.62
402           401.63           2.49              2              2         489.49          87.85         493.74           92.1
411           412.76           9.64              2              2         493.74          80.98         500.18          87.43
409           407.75           1.96              1              1            482          74.25         502.02          94.27
418           420.62           9.45              2              2         500.18          79.57         505.19          84.57
410           410.06           15.6              1              1         502.02          91.96         508.79          98.73
420           420.88           0.01              2              2         505.19          84.31         509.22          88.34
475            475.1          18.16              2              2         509.22          34.12         509.47          34.37
419           420.81           3.35              1              1         508.79          87.98         510.08          89.27
428            429.2          21.71              1              1         510.08          80.88         532.58         103.38
432           431.64          36.45              1              1         532.58         100.94          535.9         104.26
433           434.17           8.36              1              1          535.9         101.73         540.85         106.68
439           439.59           4.52              1              1         540.85         101.26         541.37         101.77
447           447.19          14.46              1              1         541.37          94.18         549.16         101.97
453           454.51           3.68              1              1         549.16          94.65         551.62          97.11


Customers who did not stay:
Customer        Arrival        Service
Id              Time           Time
----            ----           ----
40             37.15           3.07
41              37.6           1.31
42             37.67           0.74
44             39.75          18.15
45             40.38           0.68
46             40.67          41.67
47             41.39           3.78
48             41.98           11.2
49             42.59           2.67
50             43.78           4.14
52             48.69           6.72
55             50.68          10.75
56             51.83           2.11
57             52.24          11.95
59             53.47          22.58
63             60.02           0.51
64             60.59           7.64
65             61.09           6.82
66             61.63           2.07
67             61.67           7.92
69             64.01           10.6
71             67.46           1.77
72             67.54           1.97
73             67.94           9.41
74             67.97           1.05
76             70.24           3.99
77             70.73            1.8
79             73.54           2.45
80             74.41           1.29
81             74.51          11.36
82              77.6          19.51
83             78.88           5.65
85             80.15           1.98
87             80.75           0.52
89             82.38           0.28
90             82.59            4.9
91             82.67           0.78
93             84.92           1.17
94             85.95          14.71
95             87.87           1.32
96             88.29           2.09
98             90.14           4.49
99             91.04          56.33
100            91.78           4.39
101            93.29           0.25
102            95.32           6.16
103            97.04           1.64
105            98.49          10.71
106            99.63            3.9
107           100.01           2.08
108           100.22           4.09
109           101.06           1.55
110           102.75           4.59
111            107.5          16.91
114           110.87          29.66
115            111.7           6.79
116           112.09           0.65
118           112.52           8.01
120           114.33           2.11
121           114.48           1.54
122           115.68           3.12
123           116.42           1.83
124           117.29           2.14
125           117.68           1.12
126           117.75           1.87
128           121.06          15.96
129           123.81           2.34
130           124.05          10.99
131           124.28           5.55
134           133.18          40.34
135           134.46           0.53
136            134.7           5.49
139           139.03           4.07
140            139.1           6.25
141           139.15          27.27
142           140.19           1.72
143           140.59           1.91
145           141.54           2.35
146           142.24           7.81
147           142.25           3.39
148           142.56           8.75
149           142.69           2.81
150           144.15          29.35
152           151.07           0.19
153           151.39          17.96
154           152.32          17.09
155           153.27           3.66
156           154.91           0.48
157           155.68           2.75
158           155.69           0.82
160           156.85           5.82
161           156.85          10.36
162           158.54            1.8
163           158.66           8.31
164           158.81          22.58
165           159.15           5.92
166           160.08           8.33
168           163.62          35.21
169           165.98           6.89
170           166.22           0.46
171           166.35           1.12
172              167           1.87
175           169.99           8.29
179           177.42          13.93
180           178.08           1.13
181           178.67          33.17
182           179.23           2.15
186           184.19          13.54
187           185.43          19.21
188           185.57           3.27
189           186.36           5.45
190           186.88          36.03
191           186.95            5.2
192           190.05           9.43
193           190.25           0.26
194           190.28           0.23
195           190.63           5.87
197           193.27          55.39
198           194.98           6.12
199           195.42          12.69
203            199.4            5.2
211           211.86           3.13
214           213.88          10.21
215           215.11           0.91
216           215.18           7.87
217           215.86            5.7
219           220.89           2.52
220           221.71           7.24
221           222.88           3.51
222           225.36           2.37
223           225.82           3.83
224           226.51           12.2
225           228.85           3.15
226           228.94           0.81
227           228.96          10.25
228           229.38          10.79
229           230.48           4.86
231           232.05           3.61
233           233.51          26.95
234           234.07          22.51
235           234.19           15.5
236           234.59           1.23
237            235.7          22.54
238           236.55          23.87
239           237.34           4.12
240            238.4          18.46
242            239.3           3.82
243           241.33           3.09
244            241.4           1.17
245           242.15          13.75
246           243.23           3.86
248           244.89           27.7
249           246.21           0.37
250           247.46           3.99
251           248.69          12.22
253           252.43           2.07
254           253.85           2.19
257           256.03          13.33
258           256.58            5.3
259           257.61          46.54
260           258.62           3.24
261           259.78           8.14
262           260.41          12.95
263           262.48          10.48
264           262.56            0.2
266           264.82           3.09
267           265.82           4.84
268           266.25           9.97
269           266.41          14.54
274           272.95           2.88
275           274.65          16.33
276           275.13           5.16
277           275.39           5.09
278           275.91           2.37
279           276.85          19.28
280           277.01           9.87
282           277.99           0.66
283           278.36           13.4
286           279.95           2.57
287           280.07           8.08
288           280.11          10.71
289           280.11           2.34
290           280.13          11.89
292           281.56          31.72
293           281.59          21.55
294           282.14           1.03
295           282.47           6.02
296            283.1           17.2
297           284.26           3.44
298            285.4           2.57
300            287.8          21.29
301            288.8          35.73
302           290.44           5.09
303           290.55          14.52
304           290.65          23.81
306           291.34           5.54
307           291.37          12.21
308           291.46            5.2
309           292.14           2.35
310           292.77          13.95
312           301.18           3.43
313           302.05          16.06
314           303.69           7.03
315           305.49           8.92
321           314.25           3.68
322           314.77           4.76
323           314.86           2.43
324           315.54           6.28
326           317.17           8.92
327            319.1           2.49
328            321.4           5.09
329           321.79          15.78
330           321.94           9.85
331           325.22           0.53
332           325.31           4.25
333           325.64           15.3
334            326.1           4.07
338            332.1           1.03
340           333.27            6.4
341           333.64           0.45
343           336.07          17.65
344           336.18           3.57
345           336.51            8.2
346           336.71              6
347            339.9           8.57
348           340.06           9.61
349            340.5           3.23
350           342.02           3.13
351           342.75           8.48
352           343.65           8.72
353           343.98           0.84
354           344.11          17.78
356           346.98          35.45
357           350.06           3.34
358           350.31          16.81
359            350.4           0.54
360           351.11           1.85
361            352.2          25.33
362           353.16           2.31
363           355.46          13.15
365           360.27           4.23
366            360.3           2.71
367           361.72           3.02
368           361.85          11.05
369           362.68           8.46
370            362.9           0.77
372           365.26           6.47
373           365.53           0.74
374           365.94           8.83
375           366.18           1.22
376           368.91           0.81
378            370.6           4.59
379           372.59          12.85
381           375.24          12.57
382           375.47           0.83
383           375.85           8.04
384           379.01           7.78
385           379.04          14.21
386           380.08           1.79
387           380.76          28.98
388            382.8           7.48
389            384.8          20.85
390           385.82           17.5
391            386.8           1.86
393           390.97           9.85
394           391.63           0.19
395           391.77           6.38
396           395.33          19.71
397           395.38           3.05
398           397.41            1.5
399           398.11           4.66
400           398.68           5.78
401            399.4           3.24
403           401.94          42.06
404           402.03           1.87
405           406.12          11.21
406           406.41          14.21
407           406.58           0.75
408           406.82          15.69
412           415.29           30.2
413           416.02           1.97
414           416.11           2.39
415           416.33          15.44
416           417.22           2.04
417           417.79           2.89
421           421.64           5.86
422           421.92           2.17
423           423.12           0.53
424           423.13           8.09
425           423.78           0.72
426            425.5            5.2
427           427.12            1.7
429           429.49           1.41
430           430.07           4.66
431           431.23          17.42
434           435.65           3.58
435              436           6.81
436           436.58              3
437           438.28           5.07
438           438.59           7.62
440           440.36          17.72
441           441.39           1.94
442           441.95           3.21
443           443.03           0.96
444           443.54          18.37
445           443.99            3.5
446           444.08           7.79
448            448.5           8.69
449           448.63          39.77
450            453.2           3.07
451           453.53           1.87
452            454.2           6.64
454            457.4          12.26
455           458.85           1.49
456           459.56            2.3
457           460.45            0.2
458           460.51           2.09
459           460.62           0.18
460           461.58           7.12
461           462.79          18.39
462           463.22           0.07
463           463.86            1.6
464           464.33           4.48
465           464.46           7.89
466           464.76           4.45
467            465.1           2.24
468           465.56           2.66
469           465.93            2.5
470           466.41           2.09
471           469.27           5.38
472           470.66              4
473           473.63           1.37
474           474.85           2.92
476           475.48           4.26
477           475.97           5.38
478           476.97          27.82
479           477.88            3.6
Number of Tellers: 3
Number of Queues: 3
Max number allowed to wait: 10
Customer arrival rate (per hr): 30.0
Customer service time (ave min): 8.0
Number of customers arrived: 470
Number of customers served: 133
Num. Turned Away: 337
Num. who waited: 130
Average Wait: 72.09452873355839 min.
Max Wait: 167.3587376004986 min.
Std. Dev. Wait: 31.752126725605006
Ave. Service: 8.330900947043942 min.
Ave. Waiter Wait: 73.75824862740974 min.
Ave. in System: 80.05285247948541 min.
