Welcome to the Bank Simulation!
We need some information to initialize your simulation...
How many tellers will you have? How many hours will your bank be open? How many customers do you expect per hour? What is the average transaction time (in minutes) of a customer? How many people can wait in your bank? Enter a seed: 
Individual Customer Service Information:
Customer        Arrival        Service          Queue         Teller      Time Serv      Time Cust      Time Serv     Time Spent
ID              Time           Time            Loc            Loc         Begins          Waits           Ends         in Sys
----            ----           ----           ----           ----           ----           ----           ----           ----
0               0.65            7.7             -1              0           0.65              0           8.36            7.7
1               1.49          10.95             -1              1           1.49              0          12.44          10.95
2               4.61           8.79              0              0           8.36           3.75          13.98           9.37
3               7.11          14.06              0              1          12.44           5.33          18.75          11.65
5              12.12           0.63              0              1          18.75           6.63          18.97           6.85
4              10.82           8.34              0              0          13.98           3.16          19.42            8.6
6              12.75          12.42              0              1          18.97           6.23          19.49           6.74
7              14.01           0.64              0              0          19.42           5.41          24.17          10.16
9              16.16           6.64              0              0          24.17           8.01          24.35           8.19
10             18.84          10.36              0              0          24.35            5.5          32.81          13.97
8              14.82           8.56              0              1          19.49           4.66          36.37          21.55
11             19.51           0.24              0              0          32.81           13.3          44.21          24.69
13             28.78           3.81              0              0          44.21          15.43          46.94          18.16
14             31.01           9.52              0              0          46.94          15.93          51.95          20.95
15             34.31          13.78              0              0          51.95          17.64          52.79          18.48
12              22.8            8.4              0              1          36.37          13.58           52.8          30.01
16             36.81           9.06              0              0          52.79          15.98          58.46          21.65
17             38.09           1.81              0              1           52.8          14.72          61.48          23.39
18             39.77           4.59              0              0          58.46           18.7          74.37          34.61
20             41.99           5.69              0              0          74.37          32.38          75.11          33.12
19             40.87           2.89              0              1          61.48          20.61          75.81          34.95
22             44.06          16.15              0              1          75.81          31.76           79.6          35.55
21             42.17          14.82              0              0          75.11          32.94          81.39          39.22
24             52.25           2.71              0              0          81.39          29.15          88.59          36.34
25             53.19           11.4              0              0          88.59           35.4          92.73          39.54
26             53.76           2.84              0              0          92.73          38.97          99.45          45.69
27             55.78           0.97              0              0          99.45          43.67         104.12          48.34
30             60.89           9.53              0              0         104.12          43.24         118.11          57.22
23             52.15          13.26              0              1           79.6          27.45         121.28          69.12
37             74.64           8.23              0              1         121.28          46.64         123.34          48.71
31             65.02           3.83              0              0         118.11          53.08         126.28          61.25
38             76.92          18.15              0              1         123.34          46.42         132.72           55.8
40             79.77           2.87              0              1         132.72          52.96          132.8          53.03
39             77.55           0.68              0              0         126.28          48.73         137.81          60.26
42             83.51           2.67              0              1          132.8          49.29         141.15          57.64
45             96.96            1.6              0              1         141.15           44.2         142.44          45.49
47            100.27           6.78              0              1         142.44          42.17         142.85          42.58
43             89.61          10.04              0              0         137.81           48.2         145.43          55.82
52            108.07          22.58              0              1         142.85          34.78         154.22          46.14
55             118.4           0.35              0              0         145.43          27.03         157.77          39.37
60            121.52            8.6              0              1         154.22          32.69         161.88          40.36
61             123.5           4.84              0              0         157.77          34.27         171.69          48.19
69            133.26           3.99              0              0         171.69          38.43         176.19          42.93
63            126.47          15.16              0              1         161.88           35.4         176.59          50.11
71            137.97           4.75              0              1         176.59          38.61         180.98          43.01
70             134.3            1.8              0              0         176.19          41.89         185.19          50.89
74            148.12           5.65              0              0         185.19          37.06         185.44          37.31
75             148.9           1.39              0              0         185.44          36.53         193.55          44.65
76            151.22           4.12              0              0         193.55          42.34         198.11          46.89
80            155.25           3.41              0              0         198.11          42.86          202.2          46.95
73            145.57          19.51              0              1         180.98          35.41         207.28          61.72
86            164.81           9.36              0              1         207.28          42.48         214.07          49.26
84            159.51           5.52              0              0          202.2          42.69         215.38          55.87
91            186.21           6.16              0              0         215.38          29.18         221.77          35.57
90            172.12           6.56              0              1         214.07          41.95         223.78          51.65
92            187.92           1.64              0              0         221.77          33.85         225.24          37.32
93            191.11          10.94              0              1         223.78          32.67         225.65          34.54
94            193.54           0.55              0              0         225.24          31.71         226.93          33.39
96            196.59           2.08              0              0         226.93          30.33         229.26          32.67
95            196.21            3.9              0              1         225.65          29.44         231.09          34.87
97            199.34           3.34              0              0         229.26          29.93            235          35.66
100            205.1           5.15              0              1         231.09          25.98         236.64          31.54
106           215.23           0.53              0              1         236.64          21.41         238.31          23.08
104           210.45           1.58              0              0            235          24.56         238.91          28.46
112           222.07           2.14              0              0         238.91          16.84         239.44          17.37
114           224.56           25.2              0              0         239.44          14.88         240.39          15.83
115           226.05          15.96              0              0         240.39          14.34         245.87          19.82
116           228.79           1.89              0              0         245.87          17.08          248.9          20.11
107           217.24           6.31              0              1         238.31          21.07          257.6          40.36
117           231.54          31.72              0              0          248.9          17.36         263.68          32.14
118            236.3          35.88              0              1          257.6           21.3         264.87          28.57
120           247.41           2.52              0              1         264.87          17.46         267.22          19.81
121           252.36           3.35              0              1         267.22          14.86         267.27          14.91
119           237.32           3.88              0              0         263.68          26.36         268.79          31.47
123           253.68            0.3              0              0         268.79          15.11         269.31          15.63
122           252.66           4.12              0              1         267.27          14.61         270.66             18
124           255.24           4.33              0              0         269.31          14.07         272.11          16.87
126           262.46           1.91              0              0         272.11           9.65         283.82          21.35
127           263.41          27.11              0              0         283.82           20.4         287.47          24.06
128           265.63          26.95              0              0         287.47          21.84         299.23           33.6
125           262.06           1.72              0              1         270.66            8.6         299.63          37.57
129           267.59           1.24              0              0         299.23          31.65         300.56          32.97
131           277.11           3.21              0              0         300.56          23.45         304.28          27.17
130           269.77           5.84              0              1         299.63          29.86         305.55          35.77
132           279.91           0.19              0              0         304.28          24.37         323.28          43.37
134           283.03          17.09              0              0         323.28          40.25         326.32          43.29
135           286.41           6.55              0              0         326.32          39.92         327.47          41.06
133           282.11          17.96              0              1         305.55          23.44         340.76          58.65
136           286.53           3.09              0              0         327.47          40.94          341.4          54.88
137           287.21           3.74              0              1         340.76          53.54         342.35          55.14
139           288.44           0.91              0              0          341.4          52.96         343.08          54.63
145           301.82          16.12              0              0         343.08          41.26         346.35          44.53
146           309.37          13.51              0              0         346.35          36.98         365.56           56.2
147           311.09           0.96              0              0         365.56          54.47         367.31          56.22
144           300.66           8.33              0              1         342.35          41.69         367.83          67.17
157           324.76           2.41              0              1         367.83          43.08         373.95           49.2
148            311.2           0.54              0              0         367.31           56.1         375.89          64.69
158            327.6           4.98              0              1         373.95          46.36         381.37          53.78
163           341.41          10.25              0              1         381.37          39.96         383.81           42.4
164           345.76          13.54              0              1         383.81          38.04         384.78          39.02
165           347.93           0.56              0              1         384.78          36.84         385.58          37.65
166           348.75          17.93              0              1         385.58          36.83         386.56          37.81
167           350.11           2.06              0              1         386.56          36.45         388.15          38.04
159           327.88          19.15              0              0         375.89          48.01         388.58           60.7
174           365.66           8.49              0              1         388.15           22.5         390.58          24.92
176           379.52           1.55              0              1         390.58          11.06         395.11          15.59
177           380.07            9.3              0              1         395.11          15.04         397.49          17.43
178           383.25          44.66              0              1         397.49          14.25         400.62          17.37
179           384.16            5.2              0              1         400.62          16.46         409.89          25.74
175            379.5           9.52              0              0         388.58           9.07         413.28          33.78
181           389.12           4.23              0              0         413.28          24.17          415.8          26.69
182            389.3           6.13              0              0          415.8           26.5         434.99          45.69
183            389.6           2.92              0              0         434.99          45.39          439.4           49.8
184           394.38           0.15              0              0          439.4          45.02         454.73          60.36
180           387.29           5.14              0              1         409.89          22.61         456.06          68.77
186           397.29           4.59              0              1         456.06          58.76         457.22          59.93
185           397.27            2.1              0              0         454.73          57.46         462.86          65.58
188           398.89          10.13              0              0         462.86          63.97         473.12          74.23
187           397.71           3.73              0              1         457.22          59.51         473.45          75.73
190           400.73          10.21              0              0         473.12          72.39         485.34          84.61
195           414.34           7.95              0              0         485.34             71         487.16          72.82
196           416.15           3.51              0              0         487.16          71.01         493.94          77.79
206           435.46           3.61              0              0         493.94          58.48         495.76           60.3
194           412.13           4.66              0              1         473.45          61.32         499.18          87.05
218           455.46           3.09              0              1         499.18          43.73          505.5          50.05
209           445.55          22.51              0              0         495.76          50.21         509.09          63.54
219           456.27            7.3              0              1          505.5          49.23          510.8          54.53
220           459.71           3.86              0              0         509.09          49.38          521.9          62.19
225           476.92           4.43              0              0          521.9          44.97         525.93             49
226           477.67           0.85              0              0         525.93          48.26         529.16          51.49
223           469.68           0.37              0              1          510.8          41.12         557.34          87.67


Customers who did not stay:
Customer        Arrival        Service
Id              Time           Time
----            ----           ----
28             56.54          15.09
29             56.97           14.4
32             65.65          16.99
33              69.5          12.62
34             71.42          11.75
35             71.97           3.07
36             72.49           1.31
41             80.71           2.37
44             90.39           1.76
46             97.89           7.62
48            100.68          10.75
49            101.84           2.11
50            102.25          11.95
51            103.47           2.26
53             113.7           8.96
54            117.96          18.97
56             119.3           6.63
57            119.32           0.51
58             119.9           7.64
59            120.94           6.82
62            123.82          16.62
64            129.03           2.23
65            129.47           0.35
66            129.96           10.8
67            132.32           0.13
68            132.58           2.68
72            140.23           2.45
77            151.71           2.39
78            152.43          15.34
79            153.61           0.52
81            156.05           0.28
82            156.25            4.9
83            157.26           0.78
85            161.86           1.17
87            165.14           6.34
88            165.66           7.38
89            170.53          11.14
98            199.73          25.75
99            200.87          31.84
101           205.93            1.4
102           206.09            8.5
103           206.99          29.66
105           210.61           1.19
108           219.92           6.25
109           220.45           0.63
110           220.83          12.79
111           221.61           2.95
113           222.54           1.12
138           287.42          11.39
140            289.9           0.01
141           292.49           7.86
142           292.94           0.49
143           295.02          19.85
149           311.48          10.27
150           311.95            3.5
151           312.21            1.6
152           314.32           1.31
153            319.5          30.45
154           321.57          25.99
155           321.85           8.84
156           323.16           2.75
160           336.17           2.24
161           336.71           8.37
162           339.36           3.53
168           359.12            0.3
169           360.42          13.34
170           362.78           0.78
171           362.84           1.55
172            362.9          18.77
173           364.36           2.07
189           400.61          18.98
191           402.03           0.91
192           406.42           7.87
193           407.09            5.7
197           418.63           2.37
198           419.09           3.83
199           423.75           12.2
200           426.09           3.15
201           426.18           0.81
202            426.2          10.25
203           426.62          10.79
204           429.06           4.86
205           430.64           0.99
207           436.92           5.93
208           438.81           4.61
210           445.67           15.5
211           446.07           1.23
212           447.18          22.54
213           448.02          23.87
214           449.88           4.12
215           451.03          18.46
216           454.03            5.6
217            454.5           3.23
221           460.65           5.85
222           462.75           2.88
224           472.16           3.99
227           478.19           5.68
228           478.74          10.92
229            478.9          11.66
Number of Tellers: 2
Number of Queues: 1
Max number allowed to wait: 10
Customer arrival rate (per hr): 30.0
Customer service time (ave min): 8.0
Number of customers arrived: 230
Number of customers served: 131
Num. Turned Away: 99
Num. who waited: 129
Average Wait: 31.98339959904739 min.
Max Wait: 72.38779721687558 min.
Std. Dev. Wait: 16.46868336586702
Ave. Service: 7.5155281163531455 min.
Ave. Waiter Wait: 32.47926625949774 min.
Ave. in System: 40.26101185248176 min.


Individual Customer Service Information:
Customer        Arrival        Service          Queue         Teller      Time Serv      Time Cust      Time Serv     Time Spent
ID              Time           Time            Loc            Loc         Begins          Waits           Ends         in Sys
----            ----           ----           ----           ----           ----           ----           ----           ----
0               0.65           3.33             -1              0           0.65              0           3.99           3.33
1               2.58          12.48             -1              1           2.58              0          15.06          12.48
2               3.39             10              0              0           3.99            0.6          18.82          15.43
3               4.78           5.62              0              0          18.82          14.05          23.41          18.64
5               6.91           2.51              0              0          23.41          16.51          28.43          21.52
4               6.86           5.21              1              1          15.06            8.2          28.84          21.98
7               8.28           5.44              0              0          28.43          20.15          30.13          21.85
9               8.49           5.34              0              0          30.13          21.64          39.66          31.17
6               7.02          12.42              1              1          28.84          21.82          43.24          36.22
8               8.44           3.26              1              1          43.24           34.8          45.91          37.47
11              10.2          10.36              0              0          39.66          29.46          48.81          38.61
13             10.87          16.89              0              0          48.81          37.93          50.46          39.59
10             10.15          10.74              1              1          45.91          35.77          55.41          45.26
15             11.77          23.92              0              0          50.46          38.69          62.41          50.64
12             10.58           0.51              1              1          55.41          44.83          74.38           63.8
14             10.93          13.13              1              1          74.38          63.44          77.51          66.58
17             12.76           8.92              0              0          62.41          49.65          79.03          66.27
16             11.81           8.47              1              1          77.51           65.7          81.63          69.82
20             15.88           9.06              0              0          79.03          63.15          82.44          66.56
18             13.03          13.22              1              1          81.63           68.6          90.63           77.6
22             18.84           4.41              0              0          82.44          63.61           91.8          72.97
19             15.14             10              1              1          90.63          75.49           97.5          82.36
21             17.16           1.81              1              1           97.5          80.34         101.59          84.43
23             19.25           4.49              0              0           91.8          72.55         102.74          83.49
27             23.95           0.84              0              0         102.74           78.8         111.24           87.3
24             19.56           0.71              1              1         101.59          82.03         114.77          95.21
36             33.63           3.83              1              1         114.77          81.14         116.91          83.28
34             29.66          15.68              0              0         111.24          81.59          117.5          87.84
35             31.99          16.54              0              0          117.5          85.51         123.23          91.25
43             40.26           6.28              0              0         123.23          82.97         123.76           83.5
55             49.14          10.75              0              0         123.76          74.62         124.71          75.57
57             50.71           4.89              0              0         124.71             74          130.2          79.49
49             43.42          24.41              1              1         116.91          73.49         132.87          89.45
70             62.73           10.6              0              0          130.2          67.47         137.47          74.74
54             47.44           4.67              1              1         132.87          85.43         137.98          90.53
91             80.33           3.19              0              0         137.47          57.14         166.82          86.49
61              56.9           1.77              1              1         137.98          81.08         166.95         110.05
86             75.69           1.39              1              1         166.95          91.26         171.93          96.24
97              83.2           1.32              0              0         166.82          83.62         178.18          94.98
87             77.68           1.98              1              1         171.93          94.25         182.54         104.85
94             81.82          13.92              1              1         182.54         100.72         184.28         102.46
105            91.29           1.64              1              1         184.28          92.99          191.7          100.4
110            98.88           3.34              1              1          191.7          92.82         204.22         105.34
113           101.83           5.15              1              1         204.22         102.39         206.92         105.08
106            94.48           9.72              0              0         178.18           83.7         214.21         119.73
115           102.82           3.61              0              0         214.21         111.38         219.07         116.25
122           111.97           2.11              0              0         219.07          107.1         219.53         107.56
126           115.32           1.87              1              1         206.92           91.6          226.1         110.78
130           117.09          10.97              1              1          226.1         109.01         233.53         116.44
132           117.68           5.55              0              0         219.53         101.86         235.04         117.36
137           125.61           3.03              0              0         235.04         109.43         237.92         112.31
138           126.23          19.83              0              0         237.92         111.68         241.91         115.68
139           127.78           3.35              0              0         241.91         114.13          244.1         116.32
146           134.23           2.35              1              1         233.53           99.3         249.76         115.53
143           130.66           1.72              0              0          244.1         113.44         250.42         119.76
151           138.66           11.7              0              0         250.42         111.76         254.45         115.79
182           166.85           1.15              0              0         254.45          87.61         264.93          98.08
194           178.27            0.3              0              0         264.93          86.66         267.81          89.54
237           214.74           6.31              0              0         267.81          53.07         269.88          55.15
243           223.97           1.61              0              0         269.88          45.91         271.01          47.04
244           224.28           4.44              0              0         271.01          46.74         277.87          53.59
255           236.58           27.7              0              0         277.87          41.29         284.28           47.7
152           139.46          11.19              1              1         249.76          110.3          296.3         156.84
183           167.39           1.13              1              1          296.3         128.92         298.43         131.05
186           172.17           3.53              1              1         298.43         126.26         299.44         127.26
200           183.25           8.49              1              1         299.44         116.19         301.78         118.54
257           239.15          19.06              0              0         284.28          45.13         305.62          66.48
202           184.92          12.69              1              1         301.78         116.86         307.11         122.19
208           192.83            0.8              1              1         307.11         114.28          323.5         130.67
261           241.92          10.92              0              0         305.62           63.7         330.05          88.13
225           204.58            5.7              1              1          323.5         118.93          336.6         132.02
265           247.23            5.3              0              0         330.05          82.82         344.03           96.8
229           208.66           3.51              1              1          336.6         127.94          344.8         136.14
246           229.91           4.12              1              1          344.8         114.89         348.03         118.12
253           233.54           3.86              1              1         348.03         114.49         349.33         115.79
266           250.43           3.24              0              0         344.03           93.6         354.79         104.36
267           252.22           8.14              1              1         349.33          97.11         359.03         106.81
269           254.55           9.37              0              0         354.79         100.24          371.6         117.05
311            297.8          23.81              1              1         359.03          61.22         378.28          80.47
282           265.33            8.7              0              0          371.6         106.27         379.54         114.21
313           298.61           5.54              1              1         378.28          79.66         385.15          86.54
316           299.98          15.82              1              1         385.15          85.18         405.77         105.79
285           268.75           2.37              0              0         379.54         110.79         408.51         139.76
318           303.14          30.37              1              1         405.77         102.63         415.01         111.87
323           307.21           0.22              1              1         415.01          107.8         415.74         108.53
339           324.13           0.53              1              1         415.74          91.61         425.03          100.9
355           339.11           0.81              1              1         425.03          85.92         426.17          87.06
359           345.94           6.52              1              1         426.17          80.23         430.83          84.89
361           348.06           0.84              1              1         430.83          82.77         432.48          84.42
288           270.18          18.55              0              0         408.51         138.33         438.71         168.53
363           351.77           1.84              1              1         432.48          80.71          442.6          90.83
371           359.55           6.88              1              1          442.6          83.05         444.65           85.1
291           271.77          26.62              0              0         438.71         166.94         445.52         173.75
394           379.13           1.79              1              1         444.65          65.52         452.45          73.31
398           387.06           1.86              1              1         452.45          65.38         456.12          69.06
299           278.37           3.52              0              0         445.52         167.15         459.98         181.61
303           285.55           17.2              0              0         459.98         174.43         460.15         174.61
321           305.75           8.92              0              0         460.15          154.4          466.7         160.95
345           330.43          18.73              0              0          466.7         136.27         472.09         141.65
358           345.15           6.09              0              0         472.09         126.93         475.69         130.53
419           405.77           15.6              1              1         456.12          50.35         476.33          70.56
366           355.19           0.34              0              0         475.69          120.5         479.94         124.74
387           372.01          12.85              0              0         479.94         107.93          482.4         110.39
395           381.78          24.14              0              0          482.4         100.62         482.96         101.18
427           415.07          55.01              1              1         476.33          61.27         483.11          68.04
429           415.99           0.01              1              1         483.11          67.11         487.54          71.55
438           425.17           1.41              1              1         487.54          62.37         490.45          65.27
439           428.94           4.62              1              1         490.45          61.51          493.8          64.86
421            410.8           2.92              0              0         482.96          72.16         494.55          83.75
445           438.73           5.07              0              0         494.55          55.82         508.22          69.49
440           431.33           0.23              1              1          493.8          62.46         511.47          80.14
441           433.29           7.87              1              1         511.47          78.18         513.78          80.49
455           446.71           5.77              0              0         508.22          61.51         520.45          73.74
466              460           3.86              0              0         520.45          60.45         521.87          61.87
452            442.7          18.37              1              1         513.78          71.08         522.52          79.82
454           444.88          12.43              1              1         522.52          77.64         528.14          83.26
467           461.78          18.39              0              0         521.87          60.09         541.23          79.45
461           457.59          12.26              1              1         528.14          70.54         544.52          86.92
477           468.15          17.46              0              0         541.23          73.08         547.39          79.24
462           457.76           1.49              1              1         544.52          86.76         547.53          89.77
485           472.75          14.56              0              0         547.39          74.64         552.84          80.09
490           476.38           4.03              1              1         547.53          71.15         564.61          88.23
489           475.85           6.45              0              0         552.84             77         575.22          99.37


Customers who did not stay:
Customer        Arrival        Service
Id              Time           Time
----            ----           ----
25             20.67           7.55
26             23.26          32.38
28             24.71           0.38
29             25.39           3.77
30             26.81           8.67
31             27.26            2.3
32             27.97           8.07
33             28.21           3.05
37             34.26          16.99
38             35.57          12.62
39             37.49          11.75
40             38.04           3.07
41             38.11           1.31
42             38.56           0.74
44             40.61          18.15
45             41.21           0.68
46             41.24          41.67
47             41.96           3.78
48             42.55           11.2
50             44.35          10.04
51             44.46           1.76
52             45.14           6.72
53             45.54           3.76
56              50.3           2.11
58             51.02           18.4
59             51.27          22.58
60             54.51           8.96
62             58.77           0.35
63             58.94           6.63
64             58.97           0.51
65             59.54           7.64
66             59.67           6.82
67             60.25           2.07
68             60.58           7.92
69              62.4           4.84
71             62.93          15.16
72             65.48           2.23
73             65.61           0.35
74             65.92           10.8
75              66.1           0.13
76             66.36           2.68
77             67.04           0.08
78             68.28           3.99
79             69.13            1.8
80             69.32           7.62
81              70.5           9.04
82             71.12          21.34
83             71.44           0.41
84             72.81          12.34
85             74.28          10.22
88                78           2.88
89             78.28           4.74
90             78.41           6.54
92              80.4           0.82
93             81.62           4.03
95             81.84           9.42
96             82.13          11.78
98             84.78           2.09
99             85.81          19.49
100            86.63           6.36
101            87.75           6.56
102            88.59              9
103            89.69          26.31
104            89.75           8.12
107            94.61          10.71
108            95.75            3.9
109            96.13           2.08
111            99.26          25.75
112           100.41          31.84
114           102.66            1.4
116           104.64          13.81
117           106.34           1.58
118            106.5           1.19
119           110.24           9.71
120           110.37           8.01
121           111.13           6.31
123           112.13           1.54
124           113.81           3.12
125           114.54           1.83
127           115.41            8.1
128            115.6           25.2
129           115.88           1.68
131           117.24           1.89
133           119.99          19.02
134           120.96          35.88
135           121.99           1.67
136           122.96          40.34
140           128.08           4.12
141           129.09            0.3
142           129.93           4.33
144           131.06           1.91
145           132.01          27.11
147           136.75           7.81
148           136.76           3.39
149           137.07           8.75
150            137.2           2.81
153           139.51            8.8
154           140.97           3.69
155              144           13.5
156           144.91           6.55
157           145.03           3.09
158           145.24           3.74
159           145.45          11.39
160           145.72          11.76
161           145.95           5.82
162           145.95          10.36
163           146.47            1.8
164           146.59           8.31
165           147.91          22.58
166           148.25           5.92
167           149.18           8.33
168           150.33          16.12
169           151.56             19
170           157.88          13.51
171            159.6           0.96
172           159.72           0.54
173              160          10.27
174           160.36            3.5
175           160.47            1.6
176           160.61           1.31
177           162.58          30.45
178           164.65          25.99
179           164.93           8.84
180           165.79           2.75
181           166.24           3.04
184           170.33          33.17
185           170.89           2.15
187           172.98           1.59
188            173.4          10.25
189           174.22          25.48
190           175.04          13.54
191           177.21          19.21
192           177.35           3.27
193           177.75           5.45
195           179.57          13.34
196           181.84           0.78
197            181.9           1.55
198           181.92          18.77
199           181.96           2.07
201           183.39           8.58
203            187.3           0.07
204           187.69           2.19
205           190.01          12.72
206           190.62          44.66
207           191.53           0.97
209           193.08           1.59
210           194.36           7.32
211           194.97           24.7
212           196.03           0.75
213           197.09           1.19
214           197.56           19.1
215           197.82           0.15
216           198.69           2.38
217           199.22           0.08
218           200.37           1.68
219           200.72           3.73
220           201.15          10.13
221            201.9          18.98
222           202.03           9.28
223           202.86           5.19
224           203.09          17.56
226           205.06          46.16
227           206.22           8.83
228           206.85           7.95
230           209.61           2.37
231           210.08           3.83
232           211.14           12.2
233           213.48           3.15
234           213.57           0.81
235           213.59          10.25
236           214.01          10.79
238           214.98          19.31
239           216.09           3.61
240           216.45           5.93
241           217.54           4.61
242           218.35          15.34
245           224.28           3.38
247           230.25          18.46
248           231.07            5.6
249           231.53           3.23
250           232.49           8.12
251           233.25           3.27
252           233.26            7.3
254           234.48           5.85
256            236.7           0.37
258           239.18          25.74
259           240.29           2.98
260            240.5           2.07
262           242.08          11.66
263            242.2           1.82
264            243.9           1.82
268           252.48          12.95
270            254.6           3.05
271              255           4.11
272           255.75           3.09
273           256.74           4.84
274           257.17           9.97
275           258.08          14.54
276           258.35           2.16
277           258.84          28.88
278           260.75           2.57
279           261.76           8.66
280           263.17           0.96
281           264.72           14.1
283           266.19           2.95
284           267.48           7.52
286           269.41          19.28
287           269.69           9.87
289           270.55           0.66
290           270.92           13.4
292           272.16           1.53
293           272.56           1.41
294           272.79           0.46
295            273.2           0.25
296           274.81           0.03
297            275.4           4.57
298           275.88           5.74
300            278.4           0.09
301           283.79           6.06
302           284.04           1.32
304            286.3           3.44
305            286.7           2.57
306           287.44           8.22
307           287.58          10.07
308            289.3          10.56
309            292.9            7.4
310           294.18           0.44
312           298.24          17.85
314           298.64          12.21
315            299.3            5.2
317           300.04          33.65
319           303.47           3.48
320           303.99          13.77
322           306.51          10.04
324           307.31           0.12
325           307.48           8.35
326           307.53              2
327           308.64          16.05
328           312.11            7.4
329           313.06           3.68
330           314.34           4.76
331           314.43           2.43
332           315.41           6.28
333           316.23          10.97
334           316.66           2.05
335           318.89           7.73
336           319.51            9.2
337           320.78          18.77
338           321.67           0.61
340           324.22           4.25
341           324.55           15.3
342           324.73           4.07
343           326.16           0.05
344           329.38           3.64
346           331.01           1.34
347            331.3           1.03
348           331.82           2.96
349           332.65          11.41
350           333.42           1.46
351           333.53           9.74
352           334.25           0.85
353           335.29          17.65
354           335.39           3.57
356           340.61          13.41
357           342.75           2.41
360           346.84           5.45
362           349.02          17.78
364           351.89          35.45
365           354.14           3.34
367           355.22          20.24
368           355.33           4.34
369           355.68           3.86
370           356.26          17.03
372           359.59          11.53
373           360.65           9.63
374           361.33            5.7
375           361.66            0.5
376           362.08           4.19
377            364.2           3.83
378           364.39          10.54
379           364.42           16.9
380           366.04           6.47
381           366.04           0.74
382           366.69           8.83
383           366.72           1.22
384           369.46           0.81
385           370.81           3.35
386           370.86           2.18
388           373.57          34.32
389           374.05           4.35
390           376.01           2.45
391           376.22          14.17
392           377.19          12.78
393           378.23           4.27
396           381.85              8
397           383.65           4.06
399           388.03          11.39
400           388.24          11.02
401           389.14          17.65
402           389.18           0.56
403           390.71          14.26
404           390.78          16.27
405           391.54           8.09
406           391.92           2.81
407           393.08           2.31
408           394.53           11.8
409           395.34          10.16
410           395.63           2.49
411           397.68          42.06
412           397.77           1.87
413           400.58          11.21
414           400.87          14.21
415           401.28           0.75
416           401.86          15.69
417            402.8           2.25
418           403.29           9.22
420           407.45           9.64
422              411            4.8
423            411.3           0.89
424            411.6          17.13
425           412.11           2.31
426           412.83          12.07
428           415.16           1.06
430           416.75           5.86
431           417.03           2.17
432           417.43           0.53
433           418.24           8.09
434           418.88           0.72
435            420.6            5.2
436           421.42            1.7
437           423.51           3.51
442           435.38           9.63
443           436.28            1.4
444           437.98          21.57
446           439.04           7.62
447           440.04            7.4
448           440.44           3.07
449           441.17          14.87
450           441.66           2.23
451           442.46           4.33
453           443.14            3.5
456           447.65          22.83
457           448.88          18.29
458           449.65           1.34
459           450.12           3.89
460           451.78          12.78
463           459.05            2.3
464           459.35            0.2
465           459.52           2.09
468            461.8           0.07
469           462.85            1.6
470           462.91           4.48
471           463.34           7.89
472           463.45           4.45
473           463.79           2.24
474           464.25           2.66
475           464.62            2.5
476           465.29           2.09
478           469.15          17.79
479           469.35           4.85
480           469.49           2.53
481           470.08          18.16
482           470.35           4.26
483           470.84           5.38
484           471.95          27.82
486            473.7           0.07
487           473.83            2.5
488           474.73          20.02
491            476.7           0.25
492            477.1           3.32
493           478.34           0.51
Number of Tellers: 2
Number of Queues: 2
Max number allowed to wait: 10
Customer arrival rate (per hr): 30.0
Customer service time (ave min): 8.0
Number of customers arrived: 494
Number of customers served: 123
Num. Turned Away: 371
Num. who waited: 121
Average Wait: 80.69121882579745 min.
Max Wait: 174.42769386015328 min.
Std. Dev. Wait: 33.70199767809549
Ave. Service: 8.25609081205054 min.
Ave. Waiter Wait: 82.02495797994285 min.
Ave. in System: 89.9318237276419 min.
